rpa 77.856 -24.905 -53.312
nz 7.946 79.484 -46.848
nosetip 6.433 88.286 -66.414
righteye 41.046 67.768 -45.224
lefteye -27.482 69.190 -43.607
lpa -78.340 -23.091 -49.031
fp1 -17.599 80.496 -15.827
fp2 12.278 79.487 24.857
cz 9.749 -9.845 91.439
iz -5.410 -125.618 -18.960
top -1.667 -16.667 101.333
left_triangle -22.333 86.000 -11.667
right_triangle 34.667 82.000 -10.000
middle_triangle 6.000 81.000 32.000
s1 -51.000 52.667 37.000
s2 -77.000 12.667 16.000
s3 -34.667 22.000 76.667
s4 -84.000 -22.333 -17.667
s5 -72.667 -18.667 58.000
s6 -79.000 -55.667 22.667
s7 -42.000 -60.000 87.667
s8 -56.333 -88.667 47.667
s9 56.333 50.000 37.333
s10 79.000 12.333 20.333
s11 39.000 20.333 76.667
s12 86.000 -21.333 -11.667
s13 71.667 -18.000 62.667
s14 79.333 -55.333 28.333
s15 38.000 -58.667 90.333
s16 51.667 -89.667 52.333
d1 -65.333 46.667 9.667
d2 -33.333 -92.333 67.667
d3 -64.000 18.333 50.667
d4 -83.000 -21.333 20.667
d5 -41.000 -17.000 87.333
d6 -80.000 -53.667 -15.000
d7 -70.000 -58.667 58.667
d8 -67.000 -85.000 20.000
d9 67.667 45.333 13.000
d10 65.000 18.000 53.333
d11 84.000 -19.667 25.333
d12 41.333 -17.000 88.333
d13 82.000 -53.000 -9.000
d14 68.000 -58.000 63.667
d15 64.333 -86.333 25.333
d16 -75.000 19.667 16.000
d17 -29.667 27.000 76.667
d18 -81.000 -47.667 22.000
d19 -44.333 -51.667 88.333
d20 80.000 7.000 22.000
d21 42.667 15.000 76.667
d22 77.000 -62.000 27.000
d23 34.667 -68.000 88.667